n10 <-
43
n01 <-
7
n11 <-
12
I <-
183
J <-
2

Y <- matrix(0, nrow=I, ncol=J)
