"alpha" <- 4.48
"beta" <- 0.76
"J" <- 3
"y" <-
    c(21, 20, 15)
"n" <-
    c(48, 34, 21)
"Z" <-
    c(10, 30, 50)
"tau" <- 0.01234
