"beta" <-
    structure(c(
        100, 100, 100, 100, 100, 100, 100, 100, 100, 100,
        100, 100, 100, 100, 100, 100, 100, 100, 100, 100, 100, 100, 100,
        100, 100, 100, 100, 100, 100, 100, 6, 6, 6, 6, 6, 6, 6, 6, 6,
        6, 6, 6, 6, 6, 6, 6, 6, 6, 6, 6, 6, 6, 6, 6, 6, 6, 6, 6, 6, 6
    ), .Dim = as.integer(c(30, 2)))
"mu.beta" <- c(0, 0)
"tauC" <- 1
"R" <- structure(c(1, 0, 0, 1), .Dim = c(2, 2))
