benchstats <-
structure(c(0.7046534675, 3.920348015, 5.25480163, 1.0638459225, 
0.2471005675665, 0.166132473742, -0.23814697059455, 1.2090262215, 
0.139216565001681, 0.33341926533294, 0.477453932494927, 0.320612187910867, 
0.240939821670762, 0.225193279144865, 0.192649274299991, 0.25064438130318, 
0.00311297702937778, 0.00745548142292493, 0.0106761944918325, 
0.00716910646583635, 0.005387578197425, 0.00503547480244004, 
0.00430776873150783, 0.00560457874772288, 0.0031130612634594, 
0.00745230497584645, 0.0108330211397763, 0.00716545258483729, 
0.0054805174540052, 0.00578128603634509, 0.00419117549720276, 
0.00628197722158713), .Dim = c(8L, 4L), .Dimnames = list(c("a[1]", 
"a[2]", "a[3]", "beta", "kappa", "log.sigma", "pi", "sigma"), 
    c("Mean", "SD", "Naive SE", "Time-series SE")))
